﻿Date,P/L,Cumulative
2023/05/08 11:45,-1,-1
2023/05/08 11:45,1.8,0.8
2023/05/08 13:10,-1,-0.2
2023/05/08 13:25,-1,-1.2
2023/05/08 14:25,0,-1.2
2023/05/08 14:40,1.27,0.07
2023/05/08 16:00,0,0.07
2023/05/08 16:00,0.93,1
2023/05/08 17:55,-1,0
2023/05/08 17:55,3.03,3.03
2023/05/08 19:15,0,3.03
2023/05/08 19:10,1.07,4.1
2023/05/08 20:00,3.97,8.07
2023/05/08 20:20,1.75,9.82
2023/05/08 21:20,0,9.82
2023/05/08 21:40,0,9.82
2023/05/09 11:30,1.14,10.96
2023/05/09 11:30,0,10.96
2023/05/09 12:40,-1,9.96
2023/05/09 12:25,-1,8.96
2023/05/09 14:05,1.47,10.43
2023/05/09 13:55,-1,9.43
2023/05/09 18:15,-1,8.43
2023/05/09 16:20,1.75,10.18
2023/05/10 11:30,1.57,11.75
2023/05/10 11:30,-1,10.75
2023/05/10 14:15,-1,9.75
2023/05/10 15:20,-1,8.75
2023/05/10 18:10,-1,7.75
2023/05/10 16:35,0.68,8.43
2023/05/11 11:30,1.18,9.61
2023/05/11 14:25,0.59,10.2
2023/05/11 17:50,-1,9.2
2023/05/13 11:30,-1,8.2
2023/05/13 11:30,-1,7.2
2023/05/13 12:45,-1,6.2
2023/05/13 12:55,-1,5.2
2023/05/13 13:50,0,5.2
2023/05/13 14:10,-1,4.2
2023/05/13 15:05,0.96,5.16
2023/05/13 15:25,1.78,6.94
2023/05/13 17:20,0,6.94
2023/05/13 17:20,0,6.94
2023/05/13 18:40,0,6.94
2023/05/13 19:10,-1,5.94
2023/05/13 20:05,0,5.94
2023/05/13 20:20,1.23,7.17
2023/05/13 21:15,3.44,10.61
2023/05/13 21:40,2.79,13.4
2023/05/14 11:30,0,13.4
2023/05/14 11:30,1.13,14.53
2023/05/14 12:45,-1,13.53
2023/05/14 12:55,1.03,14.56
2023/05/14 13:55,-1,13.56
2023/05/14 14:00,-1,12.56
2023/05/14 17:55,-1,11.56
2023/05/14 17:00,-1,10.56
2023/05/15 11:30,1.37,11.93
2023/05/15 11:30,-1,10.93
2023/05/15 15:45,3.1,14.03
2023/05/15 14:00,1.96,15.99
2023/05/15 16:25,-1,14.99
2023/05/15 20:00,1.16,16.15
2023/05/16 11:30,0.81,16.96
2023/05/16 15:45,1.64,18.6
2023/05/16 19:30,1.45,20.05
2023/05/18 15:00,-1,19.05
2023/05/19 15:00,0,19.05
2023/05/19 17:55,1.61,20.66
2023/05/18 19:15,-1,19.66
2023/05/20 15:00,-1,18.66
2023/05/20 19:35,-1,17.66
2023/05/21 17:00,-1,16.66
2023/05/29 18:00,0,16.66
2023/05/29 18:00,5.18,21.84
2023/05/29 19:45,3.61,25.45
2023/05/29 19:20,1.25,26.7
2023/05/29 20:45,2.42,29.12
2023/05/29 22:05,-1,28.12
2023/05/29 22:40,3.71,31.83
2023/05/29 23:50,-1,30.83
2023/05/29 23:45,-1,29.83
2023/05/30 02:30,-1,28.83
2023/05/30 02:30,1.73,30.56
2023/05/30 18:00,-1,29.56
2023/05/30 21:30,0,29.56
2023/05/31 01:00,-1,28.56
2023/05/31 01:00,1.45,30.01
2023/05/30 21:40,-1,29.01
2023/05/31 18:00,-1,28.01
2023/05/31 18:00,-1,27.01
2023/05/31 21:50,0.69,27.7
2023/05/31 21:30,0.91,28.61
2023/06/01 01:00,-1,27.61
2023/06/01 01:00,-1,26.61
2023/06/02 20:30,0,26.61
2023/06/03 00:35,1.25,27.86
2023/06/03 18:30,2.34,30.2
2023/06/03 23:00,0,30.2
2023/06/04 20:00,-1,29.2
2023/06/07 16:35,6.85,36.05
2023/06/07 19:00,-1,35.05
2023/06/07 21:40,-1,34.05
2023/06/07 23:55,0,34.05
2023/06/08 19:05,-1,33.05
2023/06/08 16:00,0,33.05
2023/06/08 23:25,3.68,36.73
2023/06/09 03:40,-1,35.73
2023/06/09 19:00,0,35.73
2023/06/09 21:55,0,35.73
2023/06/10 19:15,-1,34.73
2023/06/11 00:00,0.76,35.49
2023/06/11 20:30,0,35.49
2023/07/12 15:00,0,35.49
2023/07/13 15:00,-1,34.49
2023/07/13 17:20,1.58,36.07
2023/07/14 12:00,-1,35.07
2023/07/14 14:45,-1,34.07
2023/07/14 18:40,-1,33.07
2023/07/15 12:00,2.19,35.26
2023/07/15 16:15,-1,34.26
2023/07/15 18:25,-1,33.26
2023/07/18 15:00,-1,32.26
2023/07/19 17:45,5.9,38.16
2023/07/16 15:00,-1,37.16
2023/07/16 17:40,1.98,39.14
2023/07/18 19:10,-1,38.14
2023/07/20 15:00,-1,37.14
2023/07/17 15:00,1.61,38.75
2023/07/17 18:45,-1,37.75
2023/07/19 15:00,1.07,38.82
2023/07/20 19:15,-1,37.82
2023/07/21 15:00,-1,36.82
2023/07/21 17:30,0,36.82
2023/07/22 15:00,-1,35.82
2023/07/22 19:20,0,35.82
2023/07/23 15:00,-1,34.82
2023/07/23 17:40,-1,33.82
2023/07/26 14:30,-1,32.82
2023/07/26 14:30,1.72,34.54
2023/07/26 15:50,0.83,35.37
2023/07/26 16:15,0,35.37
2023/07/26 18:10,0,35.37
2023/07/26 17:30,-1,34.37
2023/07/26 19:40,0.6,34.97
2023/07/26 18:45,-1,33.97
2023/07/26 20:10,0,33.97
2023/07/26 21:00,0,33.97
2023/07/27 12:30,-1,32.97
2023/07/27 19:40,1.31,34.28
2023/07/27 12:30,0,34.28
2023/07/27 20:45,-1,33.28
2023/07/27 16:35,-1,32.28
2023/07/27 16:00,0,32.28
2023/07/28 16:00,2.49,34.77
2023/07/28 19:30,0,34.77
2023/07/28 16:00,0,34.77
2023/07/28 19:55,-1,33.77
2023/07/29 12:30,1.54,35.31
2023/07/29 12:30,-1,34.31
2023/07/29 16:45,0,34.31
2023/07/29 16:00,-1,33.31
2023/07/29 19:50,-1,32.31
2023/07/29 20:50,1.24,33.55
2023/07/30 12:30,-1,32.55
2023/07/30 16:40,-1,31.55
2023/07/30 20:30,-1,30.55
2023/07/30 19:30,1.17,31.72
2023/07/30 16:00,-1,30.72
2023/07/30 12:30,-1,29.72
2023/07/31 12:30,0,29.72
2023/07/31 16:00,-1,28.72
2023/07/31 16:00,1.28,30
2023/07/31 12:30,0,30
2023/07/31 20:10,1.86,31.86
2023/07/31 19:30,0,31.86
2023/08/01 12:30,1.45,33.31
2023/08/01 12:30,0,33.31
2023/08/01 16:00,-1,32.31
2023/08/01 16:00,1.53,33.84
2023/08/01 20:15,1.22,35.06
2023/08/01 20:25,1.9,36.96
2023/08/04 15:30,-1,35.96
2023/08/04 19:10,0,35.96
2023/08/05 15:30,1.68,37.64
2023/08/05 20:10,0,37.64
2023/08/06 16:00,-1,36.64
2023/08/16 13:00,1.03,37.67
2023/08/16 13:00,-1,36.67
2023/08/16 16:30,-1,35.67
2023/08/16 17:15,-1,34.67
2023/08/16 20:00,-1,33.67
2023/08/16 20:30,-1,32.67
2023/08/17 13:00,-1,31.67
2023/08/17 17:45,1.24,32.91
2023/08/17 22:30,-1,31.91
2023/08/18 13:00,-1,30.91
2023/08/18 17:10,0,30.91
2023/08/18 20:20,-1,29.91
2023/08/19 16:30,-1,28.91
2023/08/19 20:10,0,28.91
2023/08/20 19:00,-1,27.91
2023/08/30 16:00,2.1,30.01
2023/08/30 16:00,-1,29.01
2023/08/30 19:45,1.92,30.93
2023/08/30 19:30,-1,29.93
2023/08/31 12:30,-1,28.93
2023/08/31 19:45,-1,27.93
2023/08/31 16:00,0,27.93
2023/08/31 19:30,-1,26.93
2023/09/01 16:00,-1,25.93
2023/09/01 19:30,0,25.93
2023/09/02 12:30,-1,24.93
2023/09/02 16:30,-1,23.93
2023/09/02 19:30,1.4,25.33
2023/09/03 12:30,-1,24.33
2023/09/03 16:00,-1,23.33
2023/09/03 19:30,0,23.33
2023/09/06 16:00,0,23.33
2023/09/06 16:00,-1,22.33
2023/09/06 20:10,-1,21.33
2023/09/06 19:30,3.26,24.59
2023/09/07 12:30,-1,23.59
2023/09/07 20:10,-1,22.59
2023/09/07 16:15,3.21,25.8
2023/09/07 19:30,-1,24.8
2023/09/08 16:00,-1,23.8
2023/09/08 20:00,1.72,25.52
2023/09/09 12:30,-1,24.52
2023/09/09 16:00,-1,23.52
2023/09/09 19:30,2.39,25.91
2023/09/10 12:30,-1,24.91
2023/09/10 17:30,-1,23.91
2023/09/10 21:30,0.81,24.72
2023/09/13 16:00,-1,23.72
2023/09/13 16:00,-1,22.72
2023/09/13 19:30,-1,21.72
2023/09/13 19:30,-1,20.72
2023/09/14 12:30,-1,19.72
2023/09/14 16:00,-1,18.72
2023/09/14 19:30,-1,17.72
2023/09/14 19:30,-1,16.72
2023/09/15 19:30,0,16.72
2023/09/15 16:00,-1,15.72
2023/09/16 12:30,-1,14.72
2023/09/16 16:00,-1,13.72
2023/09/16 19:45,0,13.72
2023/09/17 12:30,2.14,15.86
2023/09/17 16:00,0.89,16.75
2023/09/17 19:30,0.7,17.45
2023/09/20 16:00,0,17.45
2023/09/20 16:00,-1,16.45
2023/09/20 21:00,1.27,17.72
2023/09/20 19:30,-1,16.72
2023/09/21 19:30,-1,15.72
2023/09/21 16:00,2.96,18.68
2023/09/21 19:30,0,18.68
2023/09/21 12:30,-1,17.68
2023/09/22 16:00,-1,16.68
2023/09/22 19:30,1.57,18.25
2023/09/23 12:30,1.88,20.13
2023/09/23 17:10,0.67,20.8
2023/09/23 21:20,2.01,22.81
2023/09/24 12:30,-1,21.81
2023/09/24 16:00,-1,20.81
2023/09/24 19:55,1.21,22.02
2023/09/26 15:30,1.1,23.12
2023/09/26 15:30,1.56,24.68
2023/09/26 19:30,3.85,28.53
2023/09/26 19:00,0.57,29.1
2023/09/27 19:50,1.08,30.18
2023/09/27 15:30,0,30.18
2023/09/27 15:30,-1,29.18
2023/09/27 19:00,1.16,30.34
2023/09/28 15:45,4.35,34.69
2023/09/28 19:00,0,34.69
2023/09/29 15:30,-1,33.69
2023/09/29 19:00,1.35,35.04
2023/09/30 15:30,-1,34.04
2023/09/30 19:00,1.05,35.09
2023/10/01 16:00,0.91,36
2023/10/16 03:30,-1,35
2023/10/16 03:30,3.15,38.15
2023/10/16 04:30,1.9,40.05
2023/10/16 04:45,1.87,41.92
2023/10/16 05:55,2.32,44.24
2023/10/16 06:20,1.28,45.52
2023/10/16 07:45,-1,44.52
2023/10/16 07:05,-1,43.52
2023/10/16 09:15,-1,42.52
2023/10/16 10:30,0,42.52
2023/10/16 08:25,-1,41.52
2023/10/16 12:25,-1,40.52
2023/10/17 04:30,0,40.52
2023/10/17 07:30,-1,39.52
2023/10/17 07:30,0.46,39.98
2023/10/17 10:30,-1,38.98
2023/10/17 04:30,-1,37.98
2023/10/17 11:05,-1,36.98
2023/10/18 04:30,1.47,38.45
2023/10/18 04:30,0.98,39.43
2023/10/18 07:30,-1,38.43
2023/10/18 07:30,0,38.43
2023/10/18 11:05,0,38.43
2023/10/18 10:45,0,38.43
2023/10/20 10:30,-1,37.43
2023/10/20 07:30,0.82,38.25
2023/10/21 10:30,-1,37.25
2023/10/21 07:30,2.22,39.47
2023/10/22 09:30,-1,38.47
2023/11/22 11:00,-1,37.47
2023/11/22 13:10,0,37.47
2023/11/22 16:35,-1,36.47
2023/11/22 18:45,0.97,37.44
2023/11/23 11:00,-1,36.44
2023/11/23 13:30,0,36.44
2023/11/23 17:15,1.39,37.83
2023/11/23 19:50,-1,36.83
2023/11/24 16:30,-1,35.83
2023/11/24 19:10,0.84,36.67
2023/11/25 16:30,-1,35.67
2023/11/25 20:55,-1,34.67
2023/11/26 18:00,0,34.67
2023/12/05 12:55,-1,33.67
2023/12/05 16:25,0,33.67
2023/12/06 11:25,0.83,34.5
2023/12/06 16:10,0,34.5
2023/12/06 19:50,0.84,35.34
2023/12/07 15:00,2.17,37.51
2023/12/08 11:55,2.66,40.17
2023/12/07 10:55,-1,39.17
2023/12/07 19:10,1.03,40.2
2023/12/08 15:10,0.54,40.74
2023/12/09 14:50,-1,39.74
2023/12/09 11:55,-1,38.74
2023/12/10 12:55,1,39.74
2023/12/13 08:00,-1,38.74
2023/12/13 10:25,-1,37.74
2023/12/13 12:35,-1,36.74
2023/12/13 15:05,-1,35.74
2023/12/14 08:00,-1,34.74
2023/12/14 11:05,-1,33.74
2023/12/14 13:30,-1,32.74
2023/12/14 15:25,0.49,33.23
2023/12/15 11:00,0,33.23
2023/12/15 13:05,1.55,34.78
2023/12/16 13:30,0,34.78
2023/12/16 16:30,-1,33.78
2023/12/17 16:00,-1,32.78
